Time: 2024-04-06 15:05:17.855734 Protocol: ALL SMAC: 58:94:6b:24:9c:68 DMAC: f0:b4:d2:68:04:56
Time: 2024-04-06 15:05:17.858733 Protocol: ALL SMAC: f0:b4:d2:68:04:56 DMAC: 58:94:6b:24:9c:68
Time: 2024-04-06 15:05:18.025905 Protocol: ALL SMAC: 58:94:6b:24:9c:68 DMAC: f0:b4:d2:68:04:56
