Time: 2024-04-13 18:29:02.685074 Protocol: ALL SMAC: 86:19:4a:06:1d:bb DMAC: 01:00:5e:00:00:fb
Time: 2024-04-13 18:29:06.066625 Protocol: ALL SMAC: f0:b4:d2:68:04:56 DMAC: 58:94:6b:24:9c:68
Time: 2024-04-13 18:29:06.066625 Protocol: ALL SMAC: 58:94:6b:24:9c:68 DMAC: f0:b4:d2:68:04:56
